ori data
pre data
F1
preicision
recall


chrome
[13 11 14 20 13 11 16 15 15 16 17 12 12 13 14 14 19 12 11 20 12 14 19 18
 14 12 11 14 11 17 15 11 11 12 14 16 12 15 18 11 11 16 14 14 19 14 15 12
 11 11 11 20 14 14 12 20 13 17 14 13 14 19 11 14 11 11 17 18 12 17 13 12
 11 11 12 16 15 12 13 13 11 13 19 17 18 11 12 16 18 15 11 18 19 16 20 18
 16 18 11 11]
[10 18 14 10 14 11 10 10 12 12 11 12 17 11 14 10 12 17 10 17 20 16 16 19
 15 15 15 20 15 13 16 20 14 20 14 16 18 18 12 18 11 13 16 14 11 15 15 17
 12 15 17 17 14 16 16 17 10 14 20 20 10 12 14 16 10 11 18 15 14 18 19 19
 20 15 18 20 18 20 13 18 16 14 19 20 12 10 13 20 14 14 14 13 19 14 18 19
 18 14 17 14]


 [0.56521739 0.84615385 0.7        0.66666667 0.68421053 0.55
 0.61538462 0.6        0.65217391 0.66666667 0.65384615 0.6
 0.8        0.59090909 0.7        0.58333333 0.7037037  0.8
 0.52380952 0.86956522 1.         0.77777778 0.82608696 0.94736842
 0.73684211 0.70588235 0.6875     1.         0.6875     0.70833333
 0.78947368 1.         0.64705882 1.         0.7        0.8
 0.85714286 0.88235294 0.69230769 0.84615385 0.55       0.69565217
 0.77777778 0.7        0.67857143 0.73684211 0.75       0.8
 0.57894737 0.6875     0.78571429 0.86956522 0.7        0.77777778
 0.75       0.86956522 0.56521739 0.73913043 1.         1.
 0.58333333 0.7037037  0.64705882 0.77777778 0.52380952 0.55
 0.89473684 0.7826087  0.66666667 0.89473684 0.92857143 0.92307692
 1.         0.6875     0.85714286 1.         0.88235294 1.
 0.65       0.86666667 0.73333333 0.68421053 0.95       1.
 0.69230769 0.52380952 0.63157895 1.         0.75       0.71428571
 0.64705882 0.72       0.95       0.72727273 0.90909091 0.94736842
 0.88888889 0.75       0.78571429 0.64705882]

[0.65 0.55 0.7  1.   0.65 0.55 0.8  0.75 0.75 0.8  0.85 0.6  0.6  0.65
 0.7  0.7  0.95 0.6  0.55 1.   0.6  0.7  0.95 0.9  0.7  0.6  0.55 0.7
 0.55 0.85 0.75 0.55 0.55 0.6  0.7  0.8  0.6  0.75 0.9  0.55 0.55 0.8
 0.7  0.7  0.95 0.7  0.75 0.6  0.55 0.55 0.55 1.   0.7  0.7  0.6  1.
 0.65 0.85 0.7  0.65 0.7  0.95 0.55 0.7  0.55 0.55 0.85 0.9  0.6  0.85
 0.65 0.6  0.55 0.55 0.6  0.8  0.75 0.6  0.65 0.65 0.55 0.65 0.95 0.85
 0.9  0.55 0.6  0.8  0.9  0.75 0.55 0.9  0.95 0.8  1.   0.9  0.8  0.9
 0.55 0.55]

[0.60465116 0.66666667 0.7        0.8        0.66666667 0.55
 0.69565217 0.66666667 0.69767442 0.72727273 0.73913043 0.6
 0.68571429 0.61904762 0.7        0.63636364 0.80851064 0.68571429
 0.53658537 0.93023256 0.75       0.73684211 0.88372093 0.92307692
 0.71794872 0.64864865 0.61111111 0.82352941 0.61111111 0.77272727
 0.76923077 0.70967742 0.59459459 0.75       0.7        0.8
 0.70588235 0.81081081 0.7826087  0.66666667 0.55       0.74418605
 0.73684211 0.7        0.79166667 0.71794872 0.75       0.68571429
 0.56410256 0.61111111 0.64705882 0.93023256 0.7        0.73684211
 0.66666667 0.93023256 0.60465116 0.79069767 0.82352941 0.78787879
 0.63636364 0.80851064 0.59459459 0.73684211 0.53658537 0.55
 0.87179487 0.8372093  0.63157895 0.87179487 0.76470588 0.72727273
 0.70967742 0.61111111 0.70588235 0.88888889 0.81081081 0.75
 0.65       0.74285714 0.62857143 0.66666667 0.95       0.91891892
 0.7826087  0.53658537 0.61538462 0.88888889 0.81818182 0.73170732
 0.59459459 0.8        0.95       0.76190476 0.95238095 0.92307692
 0.84210526 0.81818182 0.64705882 0.59459459]


0.7614740426006343
0.715
0.7281199020939768




 firefox
 [12 15 16 18 15 12 12 18 11 18 15 12 15 12 20 11 17 19 11 12 18 20 12 17
 15 11 17 11 12 16 13 12 18 19 18 19 15 20 20 16 20 13 17 19 13 11 13 12
 13 17 11 14 18 19 14 11 14 17 19 12 16 20 12 19 17 17 19 15 17 11 15 18
 12 12 13 12 18 20 15 14 13 13 14 18 17 13 19 11 14 16 12 13 12 14 15 20
 16 17 14 20]
[12 14 18 17 15 15 11 15 18 16 11 11 18 11 20 10 10 12 20 10 16 16 11 15
 10 13 19 12 14 19 19 19 12 16 14 11 11 15 16 16 11 18 19 15 18 14 20 14
 12 19 18 12 19 12 11 16 18 17 18 19 12 18 13 20 16 19 16 14 12 11 15 19
 11 12 17 19 20 13 10 19 19 16 18 14 14 18 16 17 11 18 15 20 16 10 15 19
 14 14 18 20]

 [0.6        0.71428571 0.88888889 0.85714286 0.75       0.70588235
 0.57142857 0.7826087  0.84615385 0.81818182 0.625      0.57142857
 0.88235294 0.57142857 1.         0.52380952 0.62962963 0.7037037
 1.         0.54545455 0.81818182 0.83333333 0.57142857 0.77272727
 0.6        0.61111111 0.94444444 0.57894737 0.66666667 0.94117647
 0.92857143 0.92307692 0.69230769 0.82608696 0.75       0.67857143
 0.625      0.8        0.83333333 0.8        0.68965517 0.86666667
 0.94444444 0.79166667 0.86666667 0.64705882 1.         0.66666667
 0.61904762 0.94444444 0.84615385 0.63636364 0.94736842 0.7037037
 0.60869565 0.73333333 0.875      0.85       0.9047619  0.92307692
 0.66666667 0.90909091 0.63157895 1.         0.80952381 0.94444444
 0.82608696 0.71428571 0.68       0.55       0.75       0.94736842
 0.57142857 0.6        0.8125     0.92307692 1.         0.74074074
 0.6        0.93333333 0.92857143 0.76470588 0.875      0.75
 0.73913043 0.86666667 0.82608696 0.78571429 0.60869565 0.88888889
 0.70588235 1.         0.75       0.58333333 0.75       0.95238095
 0.72727273 0.73913043 0.875      1.        ]
[0.6  0.75 0.8  0.9  0.75 0.6  0.6  0.9  0.55 0.9  0.75 0.6  0.75 0.6
 1.   0.55 0.85 0.95 0.55 0.6  0.9  1.   0.6  0.85 0.75 0.55 0.85 0.55
 0.6  0.8  0.65 0.6  0.9  0.95 0.9  0.95 0.75 1.   1.   0.8  1.   0.65
 0.85 0.95 0.65 0.55 0.65 0.6  0.65 0.85 0.55 0.7  0.9  0.95 0.7  0.55
 0.7  0.85 0.95 0.6  0.8  1.   0.6  0.95 0.85 0.85 0.95 0.75 0.85 0.55
 0.75 0.9  0.6  0.6  0.65 0.6  0.9  1.   0.75 0.7  0.65 0.65 0.7  0.9
 0.85 0.65 0.95 0.55 0.7  0.8  0.6  0.65 0.6  0.7  0.75 1.   0.8  0.85
 0.7  1.  ]
[0.6        0.73170732 0.84210526 0.87804878 0.75       0.64864865
 0.58536585 0.8372093  0.66666667 0.85714286 0.68181818 0.58536585
 0.81081081 0.58536585 1.         0.53658537 0.72340426 0.80851064
 0.70967742 0.57142857 0.85714286 0.90909091 0.58536585 0.80952381
 0.66666667 0.57894737 0.89473684 0.56410256 0.63157895 0.86486486
 0.76470588 0.72727273 0.7826087  0.88372093 0.81818182 0.79166667
 0.68181818 0.88888889 0.90909091 0.8        0.81632653 0.74285714
 0.89473684 0.86363636 0.74285714 0.59459459 0.78787879 0.63157895
 0.63414634 0.89473684 0.66666667 0.66666667 0.92307692 0.80851064
 0.65116279 0.62857143 0.77777778 0.85       0.92682927 0.72727273
 0.72727273 0.95238095 0.61538462 0.97435897 0.82926829 0.89473684
 0.88372093 0.73170732 0.75555556 0.55       0.75       0.92307692
 0.58536585 0.6        0.72222222 0.72727273 0.94736842 0.85106383
 0.66666667 0.8        0.76470588 0.7027027  0.77777778 0.81818182
 0.79069767 0.74285714 0.88372093 0.64705882 0.65116279 0.84210526
 0.64864865 0.78787879 0.66666667 0.63636364 0.75       0.97560976
 0.76190476 0.79069767 0.77777778 1.        ]
0.7757370507567457
0.76
0.7595366281171084

 safari
 [17 16 17 19 17 11 20 16 17 17 17 11 20 15 12 13 16 12 14 17 19 19 19 20
 19 18 11 19 17 11 20 20 11 12 20 16 17 18 16 14 16 15 11 20 14 11 14 13
 20 16 20 14 19 15 18 16 12 12 17 15 19 17 12 18 20 13 12 20 15 11 15 20
 17 20 16 18 15 16 17 14 13 13 14 16 20 12 12 14 14 15 13 11 20 15 15 20
 18 12 17 11]
[16 10 10 13 10 14 10 10 20 18 10 15 16 20 20 18 11 14 15 11 17 15 11 14
 13 12 11 12 11 12 12 14 10 20 10 13 15 20 14 17 19 10 16 18 19 15 16 10
 16 10 19 16 13 14 11 19 13 12 10 14 14 11 18 16 15 11 15 10 17 13 15 11
 10 13 12 12 15 16 13 18 12 11 14 10 14 17 20 11 17 17 10 12 11 13 16 13
 14 15 19 17]

[0.80952381 0.61538462 0.62962963 0.73076923 0.62962963 0.64705882
 0.66666667 0.61538462 1.         0.89473684 0.62962963 0.6875
 0.83333333 1.         1.         0.86666667 0.64       0.66666667
 0.73684211 0.65384615 0.86363636 0.79166667 0.67857143 0.76923077
 0.73076923 0.69230769 0.55       0.7037037  0.65384615 0.57894737
 0.71428571 0.76923077 0.52380952 1.         0.66666667 0.69565217
 0.77272727 1.         0.72727273 0.82352941 0.94117647 0.6
 0.73333333 0.90909091 0.93333333 0.6875     0.77777778 0.56521739
 0.83333333 0.61538462 0.95238095 0.77777778 0.73076923 0.71428571
 0.66666667 0.94117647 0.63157895 0.6        0.62962963 0.71428571
 0.76       0.65384615 0.85714286 0.81818182 0.8        0.59090909
 0.70588235 0.66666667 0.83333333 0.61111111 0.75       0.68965517
 0.62962963 0.74074074 0.66666667 0.69230769 0.75       0.8
 0.70833333 0.875      0.61904762 0.59090909 0.7        0.61538462
 0.76923077 0.8        1.         0.60869565 0.82352941 0.83333333
 0.56521739 0.57894737 0.68965517 0.68181818 0.78947368 0.74074074
 0.75       0.70588235 0.94444444 0.78571429]
[0.85 0.8  0.85 0.95 0.85 0.55 1.   0.8  0.85 0.85 0.85 0.55 1.   0.75
 0.6  0.65 0.8  0.6  0.7  0.85 0.95 0.95 0.95 1.   0.95 0.9  0.55 0.95
 0.85 0.55 1.   1.   0.55 0.6  1.   0.8  0.85 0.9  0.8  0.7  0.8  0.75
 0.55 1.   0.7  0.55 0.7  0.65 1.   0.8  1.   0.7  0.95 0.75 0.9  0.8
 0.6  0.6  0.85 0.75 0.95 0.85 0.6  0.9  1.   0.65 0.6  1.   0.75 0.55
 0.75 1.   0.85 1.   0.8  0.9  0.75 0.8  0.85 0.7  0.65 0.65 0.7  0.8
 1.   0.6  0.6  0.7  0.7  0.75 0.65 0.55 1.   0.75 0.75 1.   0.9  0.6
 0.85 0.55]
[0.82926829 0.69565217 0.72340426 0.82608696 0.72340426 0.59459459
 0.8        0.69565217 0.91891892 0.87179487 0.72340426 0.61111111
 0.90909091 0.85714286 0.75       0.74285714 0.71111111 0.63157895
 0.71794872 0.73913043 0.9047619  0.86363636 0.79166667 0.86956522
 0.82608696 0.7826087  0.55       0.80851064 0.73913043 0.56410256
 0.83333333 0.86956522 0.53658537 0.75       0.8        0.74418605
 0.80952381 0.94736842 0.76190476 0.75675676 0.86486486 0.66666667
 0.62857143 0.95238095 0.8        0.61111111 0.73684211 0.60465116
 0.90909091 0.69565217 0.97560976 0.73684211 0.82608696 0.73170732
 0.76595745 0.86486486 0.61538462 0.6        0.72340426 0.73170732
 0.84444444 0.73913043 0.70588235 0.85714286 0.88888889 0.61904762
 0.64864865 0.8        0.78947368 0.57894737 0.75       0.81632653
 0.72340426 0.85106383 0.72727273 0.7826087  0.75       0.8
 0.77272727 0.77777778 0.63414634 0.61904762 0.7        0.69565217
 0.86956522 0.68571429 0.75       0.65116279 0.75675676 0.78947368
 0.60465116 0.56410256 0.81632653 0.71428571 0.76923077 0.85106383
 0.81818182 0.64864865 0.89473684 0.64705882]
0.7380525105582685
0.7889999999999999
0.7532543410305469
